6.602200000000000776e-03 2.332100000000000006e-01
6.691299999999999852e-03 2.525100000000000122e-01
6.763299999999999867e-03 1.203899999999999970e-01
7.246299999999999790e-03 2.042599999999999971e-01
7.842000000000000012e-03 2.779400000000000204e-01
7.110800000000000454e-03 1.786399999999999932e-01
6.805300000000000238e-03 1.300099999999999867e-01
8.304200000000001164e-03 2.110700000000000076e-01
-8.449899999999999772e-03 2.356699999999999906e-01
6.861000000000000779e-03 1.451300000000000090e-01
7.172800000000000009e-03 1.459399999999999864e-01
7.460400000000000711e-03 1.395200000000000051e-01
-8.096600000000000671e-03 1.897300000000000098e-01
-6.397699999999999221e-03 2.144099999999999895e-01
-5.465600000000000146e-03 2.258900000000000075e-01
-6.397300000000000729e-03 2.532200000000000006e-01
7.144300000000000130e-03 1.273499999999999910e-01
-8.348799999999999971e-03 1.972599999999999909e-01
5.459000000000000311e-03 2.886400000000000077e-01
7.136200000000000529e-03 1.780200000000000116e-01
7.623200000000000115e-03 1.989599999999999980e-01
-7.933700000000000127e-03 2.156899999999999928e-01
-7.920800000000000410e-03 1.892000000000000071e-01
-7.872099999999999931e-03 1.642899999999999916e-01
7.955300000000000218e-03 1.098200000000000010e-01
5.936200000000000851e-03 2.506999999999999784e-01
-8.141900000000000526e-03 2.909100000000000019e-01
8.295900000000000149e-03 1.276799999999999879e-01
-7.320499999999999750e-03 2.916099999999999803e-01
6.422799999999999343e-03 2.016300000000000037e-01
8.234399999999999359e-03 2.728300000000000169e-01
8.051300000000000817e-03 4.448300000000000171e-02
-5.783199999999999626e-03 2.550100000000000144e-01
6.451900000000000863e-03 2.505299999999999749e-01
-8.141900000000000526e-03 2.318500000000000005e-01
7.715999999999999769e-03 1.176600000000000007e-01
-7.490600000000000036e-03 2.892399999999999971e-01
7.699600000000000020e-03 1.989100000000000035e-01
8.409100000000000949e-03 2.752800000000000247e-01
7.558399999999999841e-03 1.589000000000000135e-01
7.152900000000000230e-03 1.569899999999999907e-01
8.162000000000000852e-03 1.232000000000000040e-01
7.447500000000000127e-03 1.966199999999999892e-01
7.826800000000000077e-03 2.006900000000000073e-01
8.191800000000000817e-03 2.569400000000000017e-01
-5.270000000000000379e-03 2.554000000000000159e-01
-8.391800000000001342e-03 2.049199999999999910e-01
6.097500000000000489e-03 2.753800000000000137e-01
7.610400000000000671e-03 1.577699999999999936e-01
6.068999999999999742e-03 2.572900000000000187e-01
-7.513200000000000260e-03 2.176599999999999924e-01
-7.407399999999999748e-03 1.790799999999999892e-01
-7.572600000000000511e-03 2.540999999999999925e-01
-5.506900000000000336e-03 2.169500000000000040e-01
-6.322299999999999448e-03 1.868499999999999883e-01
7.998299999999999854e-03 1.126199999999999979e-01
7.897799999999999959e-03 1.117999999999999966e-01
5.737400000000000139e-03 2.482900000000000107e-01
7.131600000000000092e-03 1.293600000000000028e-01
7.705100000000000317e-03 2.687100000000000044e-01
8.226400000000000032e-03 2.456699999999999995e-01
7.615900000000000100e-03 1.948699999999999877e-01
-8.430899999999999853e-03 1.913400000000000101e-01
8.098799999999999749e-03 1.406199999999999950e-01
7.846600000000000449e-03 7.547299999999999842e-02
-8.408699999999999855e-03 1.973199999999999954e-01
6.845099999999999796e-03 2.219099999999999961e-01
-7.889199999999998991e-03 1.269599999999999895e-01
7.901399999999999396e-03 1.028199999999999947e-01
-7.653300000000000033e-03 1.691699999999999871e-01
-8.478900000000001019e-03 1.988600000000000090e-01
7.684100000000000132e-03 2.390700000000000047e-01
-8.014300000000000243e-03 9.756599999999999995e-02
-5.199899999999999488e-03 2.695600000000000218e-01
-5.740300000000000263e-03 1.942000000000000115e-01
-7.607400000000000273e-03 2.426099999999999923e-01
-6.609900000000000150e-03 2.848300000000000276e-01
-8.014799999999999008e-03 2.834999999999999742e-01
-8.007699999999999541e-03 2.686899999999999844e-01
7.834400000000000044e-03 2.088800000000000101e-01
7.037900000000000579e-03 2.041499999999999981e-01
6.606600000000000666e-03 2.521399999999999753e-01
5.292900000000000556e-03 2.965400000000000258e-01
8.224200000000000954e-03 1.256599999999999939e-01
-8.161599999999999758e-03 2.488799999999999901e-01
6.577500000000000013e-03 1.712299999999999933e-01
6.409700000000000814e-03 2.172900000000000109e-01
-5.353900000000000846e-03 2.784099999999999908e-01
6.274499999999999696e-03 2.990099999999999980e-01
7.422200000000000325e-03 2.395400000000000029e-01
5.834300000000000597e-03 2.369900000000000062e-01
-5.987799999999999720e-03 2.497900000000000120e-01
7.466000000000000414e-03 2.160999999999999865e-01
7.856300000000000089e-03 1.976700000000000124e-01
6.764799999999999633e-03 1.266400000000000026e-01
8.252500000000001154e-03 2.542900000000000160e-01
-7.114800000000000117e-03 2.865099999999999869e-01
-7.191999999999999608e-03 2.487099999999999866e-01
-8.385000000000000092e-03 2.096699999999999953e-01
8.039899999999999131e-03 9.705500000000000238e-02
7.662900000000000267e-03 1.243699999999999944e-01
-6.027600000000000145e-03 2.313699999999999923e-01
-5.031700000000000061e-03 2.906299999999999994e-01
-5.033600000000000053e-03 2.883200000000000207e-01
8.101000000000000562e-03 7.999499999999999666e-02
6.705499999999999655e-03 1.708099999999999896e-01
7.020600000000000104e-03 1.215600000000000014e-01
6.371299999999999880e-03 2.954300000000000259e-01
7.026799999999999713e-03 2.547900000000000165e-01
7.170000000000000158e-03 1.519699999999999940e-01
6.138700000000000406e-03 1.833899999999999975e-01
-8.013299999999999243e-03 1.894500000000000073e-01
-7.856300000000000089e-03 2.645100000000000229e-01
6.278399999999999953e-03 2.502900000000000125e-01
-8.124000000000001012e-03 7.033899999999999875e-02
-7.375699999999999791e-03 2.565299999999999803e-01
-8.406400000000001371e-03 2.194899999999999907e-01
7.911200000000000176e-03 1.166200000000000014e-01
-7.901700000000001084e-03 2.473599999999999965e-01
7.038299999999999938e-03 2.491500000000000103e-01
-7.810500000000000602e-03 2.578599999999999781e-01
-5.572200000000000243e-03 2.403800000000000103e-01
-7.027300000000000213e-03 2.805000000000000271e-01
-8.075000000000000580e-03 8.037900000000000600e-02
7.155399999999999261e-03 2.256700000000000095e-01
-8.234800000000000453e-03 1.428800000000000070e-01
-8.500799999999999329e-03 1.710500000000000076e-01
8.150400000000000353e-03 1.978900000000000103e-01
-7.792599999999999354e-03 2.556999999999999829e-01
8.132600000000000245e-03 1.790400000000000047e-01
-7.029999999999999791e-03 2.239299999999999902e-01
-8.025299999999999101e-03 2.212999999999999967e-01
-5.190000000000000169e-03 2.849400000000000266e-01
-5.223600000000000985e-03 2.827000000000000068e-01
-8.288799999999998946e-03 1.703399999999999914e-01
7.801200000000000322e-03 1.809199999999999975e-01
6.403200000000000384e-03 1.426099999999999868e-01
-5.849600000000000806e-03 2.130900000000000016e-01
7.980700000000000294e-03 4.346900000000000069e-02
-6.833700000000000711e-03 2.791600000000000192e-01
-7.429599999999999746e-03 2.810400000000000120e-01
7.083700000000000933e-03 1.915399999999999880e-01
5.959499999999999520e-03 2.383699999999999986e-01
-6.245800000000000136e-03 1.852100000000000135e-01
-7.347600000000000138e-03 2.496700000000000030e-01
6.294100000000000389e-03 2.247200000000000031e-01
7.232399999999999940e-03 1.674599999999999977e-01
6.435100000000000021e-03 1.705699999999999994e-01
-6.042600000000000401e-03 2.968899999999999872e-01
6.236000000000000223e-03 2.003000000000000058e-01
6.333400000000000314e-03 2.591100000000000070e-01
-8.424499999999999697e-03 1.522100000000000120e-01
7.753000000000000343e-03 1.966299999999999992e-01
7.789400000000000143e-03 2.109699999999999909e-01
-8.295200000000000837e-03 9.158099999999999574e-02
-8.081200000000000189e-03 2.760699999999999821e-01
7.403600000000000632e-03 2.357499999999999873e-01
-5.749699999999999950e-03 2.547400000000000220e-01
-7.793500000000000080e-03 2.746600000000000152e-01
-5.624299999999999612e-03 2.508000000000000229e-01
6.039300000000000050e-03 2.780099999999999794e-01
-5.268199999999999793e-03 2.620399999999999952e-01
6.507100000000000037e-03 2.280600000000000127e-01
8.094999999999999765e-03 1.074500000000000038e-01
8.026600000000000054e-03 7.973500000000000032e-02
-5.799200000000000015e-03 2.460900000000000032e-01
-6.256900000000000135e-03 2.594000000000000195e-01
-8.575499999999999790e-03 2.594299999999999939e-01
-8.052300000000000083e-03 2.187699999999999922e-01
6.651400000000000021e-03 2.582400000000000251e-01
7.325800000000000367e-03 1.439100000000000101e-01
8.344600000000000628e-03 1.858799999999999897e-01
-7.814800000000000219e-03 1.230399999999999966e-01
-7.648900000000000143e-03 2.322899999999999965e-01
-7.621499999999999803e-03 2.366900000000000115e-01
6.158900000000001006e-03 2.129699999999999926e-01
7.424599999999999950e-03 2.491700000000000026e-01
-7.849000000000000074e-03 1.626900000000000013e-01
-7.890599999999999350e-03 9.508900000000000685e-02
7.688300000000000342e-03 2.516900000000000248e-01
-6.414400000000000657e-03 2.362799999999999900e-01
-6.238800000000000075e-03 1.919899999999999940e-01
7.859500000000000167e-03 7.832899999999999585e-02
-8.021099999999999758e-03 2.484000000000000097e-01
-7.388300000000000423e-03 2.614400000000000057e-01
-8.319100000000001147e-03 2.777800000000000269e-01
7.949799999999999922e-03 9.950000000000000511e-02
7.022300000000000417e-03 1.791999999999999982e-01
8.036299999999999694e-03 2.792200000000000237e-01
7.297400000000000761e-03 1.656199999999999894e-01
-7.017400000000000027e-03 2.423200000000000076e-01
7.623299999999999521e-03 1.989499999999999880e-01
6.550399999999999626e-03 1.761500000000000010e-01
7.812300000000000320e-03 2.256900000000000017e-01
7.812200000000000047e-03 1.622099999999999931e-01
-7.304300000000000549e-03 2.829099999999999948e-01
6.019600000000000818e-03 2.028899999999999870e-01
7.067799999999999951e-03 2.679000000000000270e-01
-6.984999999999999890e-03 1.977200000000000069e-01
-8.367199999999999985e-03 2.982099999999999751e-01
-6.302400000000000536e-03 2.619199999999999862e-01
-5.759800000000000683e-03 2.499800000000000078e-01
8.075200000000001127e-03 1.070900000000000046e-01
6.086500000000000764e-03 1.959100000000000008e-01
-8.094300000000000453e-03 1.022099999999999953e-01
-7.526399999999999930e-03 2.555999999999999939e-01
-6.085700000000000311e-03 2.854999999999999760e-01
-6.361000000000000335e-03 2.744800000000000018e-01
7.941900000000000001e-03 2.934499999999999886e-01
8.063900000000000581e-03 2.914800000000000169e-01
6.871600000000000277e-03 2.126599999999999879e-01
7.191300000000000296e-03 1.573900000000000021e-01
6.516000000000000091e-03 1.877800000000000025e-01
-7.671599999999999774e-03 2.685500000000000109e-01
8.112899999999999279e-03 1.348900000000000099e-01
7.375399999999999838e-03 1.741399999999999892e-01
-7.384599999999999845e-03 2.919100000000000028e-01
7.875799999999998774e-03 2.804300000000000126e-01
7.421799999999999231e-03 1.711699999999999888e-01
8.204299999999999440e-03 1.760500000000000120e-01
-6.381299999999999473e-03 2.076000000000000068e-01
7.142199999999999591e-03 1.210799999999999932e-01
-7.009200000000000153e-03 2.261100000000000054e-01
-8.506399999999999031e-03 2.596300000000000274e-01
7.578599999999999573e-03 1.549599999999999866e-01
5.935399999999999530e-03 2.457999999999999907e-01
6.429100000000000092e-03 2.486899999999999944e-01
-5.259500000000000286e-03 2.761000000000000121e-01
7.577600000000000308e-03 2.286499999999999921e-01
6.931600000000000435e-03 1.622200000000000031e-01
-7.683699999999999905e-03 2.059699999999999864e-01
6.769100000000000117e-03 2.835099999999999842e-01
6.232799999999999278e-03 2.391399999999999915e-01
-7.029399999999999885e-03 2.845199999999999951e-01
6.272699999999999977e-03 2.645199999999999774e-01
-8.227200000000000485e-03 6.741700000000000470e-02
-7.695900000000000310e-03 2.472100000000000131e-01
-7.750299999999999898e-03 2.585799999999999765e-01
-8.609799999999999051e-03 2.730500000000000149e-01
-8.461800000000000224e-03 2.119000000000000050e-01
-7.929900000000000143e-03 1.648600000000000065e-01
-8.435099999999999196e-03 1.650500000000000023e-01
-8.348400000000000612e-03 1.876800000000000135e-01
6.297500000000000146e-03 2.167800000000000005e-01
7.407799999999999975e-03 2.282899999999999929e-01
-7.058400000000000264e-03 2.599600000000000244e-01
6.756299999999999806e-03 2.045399999999999996e-01
-7.692799999999999638e-03 2.850599999999999801e-01
8.024700000000000930e-03 1.165199999999999986e-01
8.296299999999999508e-03 2.517300000000000093e-01
7.034499999999999954e-03 2.072299999999999975e-01
-5.753300000000000254e-03 1.932699999999999974e-01
-7.342500000000000068e-03 2.390200000000000102e-01
-8.189200000000000645e-03 1.533899999999999986e-01
5.362099999999999853e-03 2.991400000000000170e-01
7.711700000000000152e-03 1.280600000000000072e-01
-8.612200000000000411e-03 2.686600000000000099e-01
6.725600000000000848e-03 1.159599999999999936e-01
-5.574099999999999368e-03 2.391000000000000070e-01
8.175500000000000475e-03 2.790799999999999947e-01
-6.630800000000000062e-03 2.904599999999999960e-01
-6.770699999999999288e-03 1.967500000000000082e-01
6.463100000000000268e-03 1.564699999999999980e-01
-5.923000000000000313e-03 1.945099999999999885e-01
6.846800000000000108e-03 1.206499999999999934e-01
6.995499999999999982e-03 1.543400000000000050e-01
6.598500000000000199e-03 1.419100000000000084e-01
-7.879000000000000586e-03 2.448799999999999866e-01
-6.215800000000000491e-03 1.696699999999999875e-01
6.165600000000000247e-03 2.792200000000000237e-01
-8.190799999999999817e-03 1.571700000000000041e-01
-7.753900000000000202e-03 2.397400000000000087e-01
-8.267400000000001137e-03 2.706200000000000272e-01
-5.861199999999999570e-03 2.038999999999999979e-01
-8.572200000000000306e-03 2.642800000000000149e-01
6.450000000000000004e-03 2.174200000000000021e-01
-8.413600000000000245e-03 2.386099999999999888e-01
7.007400000000000434e-03 2.159200000000000008e-01
7.260799999999999546e-03 1.248500000000000026e-01
7.575600000000000042e-03 1.813599999999999934e-01
-8.396100000000000091e-03 2.280899999999999872e-01
-6.132300000000000251e-03 2.320500000000000063e-01
-5.967500000000000582e-03 1.932800000000000074e-01
6.471300000000000142e-03 2.229200000000000070e-01
-7.520699999999999955e-03 1.524500000000000022e-01
7.272800000000000271e-03 1.691300000000000026e-01
-7.940199999999999689e-03 2.982699999999999796e-01
7.058000000000000038e-03 2.903399999999999870e-01
7.140900000000000372e-03 1.952399999999999969e-01
8.214700000000000127e-03 8.494999999999999774e-02
6.459499999999999964e-03 2.152799999999999991e-01
7.740799999999999938e-03 1.071700000000000014e-01
-7.306599999999999900e-03 2.622800000000000131e-01
6.662599999999999426e-03 2.889300000000000201e-01
-8.277600000000001276e-03 2.455600000000000005e-01
8.113200000000000967e-03 8.960799999999999321e-02
-8.367499999999999938e-03 9.653000000000000469e-02
-6.402200000000000252e-03 2.740199999999999858e-01
-8.361199999999999188e-03 2.484899999999999887e-01
7.455700000000000001e-03 1.490799999999999903e-01
-5.537499999999999888e-03 2.418200000000000072e-01
-7.765999999999999466e-03 1.140800000000000008e-01
7.634600000000000067e-03 2.629500000000000171e-01
8.468700000000000880e-03 2.700799999999999867e-01
7.397800000000000382e-03 1.706399999999999861e-01
7.951700000000000781e-03 2.753700000000000037e-01
6.733700000000000449e-03 2.293999999999999928e-01
6.433600000000000256e-03 2.593199999999999950e-01
-7.580200000000000479e-03 1.257600000000000107e-01
6.406500000000000736e-03 1.610699999999999910e-01
-7.006700000000000254e-03 2.811100000000000265e-01
6.897900000000000212e-03 1.963900000000000090e-01
7.977500000000000216e-03 1.079200000000000020e-01
6.926999999999999998e-03 1.743899999999999895e-01
-6.145500000000000788e-03 2.368500000000000050e-01
7.891300000000000398e-03 1.233299999999999952e-01
7.678599999999999835e-03 2.778900000000000259e-01
8.117900000000000810e-03 1.711499999999999966e-01
6.582799999999999763e-03 1.438200000000000034e-01
5.847699999999999947e-03 2.062599999999999989e-01
8.022599999999999523e-03 5.572300000000000170e-02
6.431499999999999717e-03 1.713300000000000101e-01
8.108699999999999936e-03 1.822100000000000108e-01
7.072900000000000020e-03 1.204699999999999938e-01
6.291400000000000811e-03 1.375500000000000056e-01
-7.757700000000000186e-03 2.449399999999999911e-01
8.301400000000000445e-03 2.797899999999999832e-01
-7.211900000000000255e-03 2.340299999999999880e-01
6.855900000000000709e-03 1.660899999999999876e-01
-5.976700000000000589e-03 2.679099999999999815e-01
-6.187200000000000338e-03 2.366600000000000092e-01
-7.842599999999999918e-03 1.342800000000000105e-01
8.103300000000000780e-03 4.792500000000000232e-02
6.819300000000000361e-03 2.311499999999999944e-01
7.005900000000000669e-03 1.877300000000000080e-01
6.628199999999999890e-03 2.627200000000000091e-01
-8.290300000000000447e-03 1.256099999999999994e-01
-8.523199999999999874e-03 2.646299999999999764e-01
-8.255300000000000138e-03 8.791300000000000503e-02
-7.192099999999999882e-03 1.899800000000000100e-01
6.273600000000000704e-03 2.735099999999999754e-01
-7.450000000000000025e-03 1.970899999999999874e-01
6.953899999999999838e-03 1.214800000000000046e-01
6.821100000000000080e-03 2.602599999999999913e-01
7.566199999999999488e-03 1.762900000000000023e-01
-8.466900000000001161e-03 2.731600000000000139e-01
-7.835200000000000498e-03 1.324200000000000099e-01
-6.064400000000000172e-03 2.919499999999999873e-01
7.267900000000000749e-03 2.592599999999999905e-01
-7.781900000000000449e-03 2.968999999999999972e-01
-8.470600000000000004e-03 1.709199999999999886e-01
-8.495400000000000174e-03 2.171899999999999942e-01
-7.668900000000000196e-03 1.563400000000000067e-01
-5.633100000000000260e-03 2.074300000000000033e-01
7.540900000000000554e-03 2.812399999999999900e-01
-6.846699999999999835e-03 2.817600000000000104e-01
-6.240700000000000067e-03 2.689099999999999824e-01
6.714700000000000529e-03 2.715799999999999881e-01
8.128500000000000308e-03 1.928799999999999959e-01
7.289499999999999973e-03 2.635500000000000065e-01
7.008499999999999973e-03 1.692500000000000115e-01
8.165500000000000883e-03 9.454999999999999516e-02
-7.633700000000000208e-03 2.968000000000000083e-01
7.807099999999999977e-03 1.946100000000000052e-01
7.221999999999999253e-03 2.345599999999999907e-01
-7.601900000000000844e-03 2.881299999999999972e-01
-8.075399999999999939e-03 2.363899999999999890e-01
6.607400000000000252e-03 1.327899999999999914e-01
7.842400000000001106e-03 1.418099999999999916e-01
-5.490300000000000041e-03 2.795099999999999807e-01
-6.813500000000000112e-03 2.384000000000000008e-01
7.979800000000000434e-03 9.454300000000000204e-02
-7.783499999999999620e-03 1.102599999999999969e-01
6.891000000000000424e-03 2.417199999999999904e-01
-5.734799999999999967e-03 1.988699999999999912e-01
-8.334799999999999848e-03 2.600199999999999734e-01
6.522299999999999973e-03 1.140499999999999986e-01
-5.533999999999999857e-03 2.432199999999999918e-01
-7.781500000000000222e-03 1.312000000000000111e-01
6.199400000000000743e-03 2.605799999999999783e-01
-7.597099999999999860e-03 2.785400000000000098e-01
-7.759300000000000225e-03 2.324700000000000100e-01
8.208000000000000018e-03 1.700599999999999890e-01
-8.123299999999999965e-03 1.388999999999999957e-01
7.753999999999999608e-03 1.322099999999999942e-01
7.274400000000000310e-03 2.743300000000000183e-01
-7.663299999999999626e-03 1.700000000000000122e-01
-5.438100000000000399e-03 2.590199999999999725e-01
7.336200000000001054e-03 1.852100000000000135e-01
7.154500000000000269e-03 2.729500000000000259e-01
-6.367900000000000123e-03 1.295199999999999962e-01
6.946200000000000464e-03 1.256200000000000094e-01
7.571000000000000472e-03 1.534600000000000131e-01
7.017500000000000300e-03 2.803899999999999726e-01
6.808999999999999948e-03 2.066600000000000104e-01
-8.465200000000000849e-03 1.331600000000000006e-01
-8.294799999999999743e-03 2.525000000000000022e-01
-8.271500000000001074e-03 1.894699999999999995e-01
7.701900000000000239e-03 2.315099999999999936e-01
6.780000000000000436e-03 2.063399999999999956e-01
-7.556600000000000122e-03 1.349499999999999866e-01
-7.751500000000000577e-03 1.680099999999999927e-01
-8.362800000000000095e-03 1.739499999999999935e-01
-8.184200000000000849e-03 8.914999999999999314e-02
-8.458800000000000693e-03 2.187999999999999945e-01
-6.003699999999999835e-03 2.985800000000000121e-01
-6.486499999999999211e-03 2.915300000000000114e-01
-7.660300000000000095e-03 1.856399999999999995e-01
-7.673899999999999992e-03 2.436800000000000077e-01
-7.577000000000000401e-03 2.819599999999999884e-01
-8.417400000000000229e-03 2.870400000000000174e-01
6.797100000000000364e-03 1.700800000000000090e-01
-8.151699999999999571e-03 1.277200000000000002e-01
7.843299999999999231e-03 2.857600000000000140e-01
-8.095800000000000218e-03 1.022200000000000053e-01
-7.407899999999999381e-03 2.960900000000000198e-01
8.109899999999999748e-03 1.149400000000000005e-01
-7.281199999999999825e-03 2.879700000000000037e-01
-8.486999999999999753e-03 1.724100000000000077e-01
8.175200000000000522e-03 2.686299999999999799e-01
-7.534600000000000672e-03 2.857799999999999785e-01
6.408000000000000501e-03 2.103800000000000114e-01
-8.532300000000001342e-03 2.943600000000000105e-01
-8.308799999999999866e-03 9.488599999999999812e-02
5.985800000000000322e-03 2.486099999999999977e-01
6.744299999999999948e-03 2.242800000000000071e-01
8.058300000000000879e-03 9.239200000000000190e-02
7.981800000000000700e-03 2.455100000000000060e-01
-8.154299999999999743e-03 2.744500000000000273e-01
8.233300000000000687e-03 2.054999999999999882e-01
-7.860999999999999932e-03 2.945400000000000240e-01
-7.571200000000000152e-03 1.788399999999999990e-01
-8.020599999999999258e-03 1.407200000000000117e-01
-7.681799999999999913e-03 2.585399999999999920e-01
6.998200000000000427e-03 2.187099999999999878e-01
-7.660600000000000048e-03 2.717800000000000216e-01
8.024400000000000976e-03 9.509099999999999497e-02
-5.966599999999999855e-03 2.048500000000000043e-01
7.504300000000000206e-03 1.421600000000000086e-01
6.265600000000000509e-03 2.168799999999999895e-01
7.068500000000000130e-03 2.758200000000000096e-01
-7.096800000000000330e-03 2.731600000000000139e-01
7.972900000000001514e-03 7.510899999999999521e-02
-7.416300000000000670e-03 2.897700000000000276e-01
-7.854200000000000417e-03 2.011799999999999977e-01
-5.981800000000000658e-03 1.993800000000000017e-01
8.341100000000000597e-03 1.696600000000000052e-01
8.230300000000001157e-03 1.026299999999999990e-01
6.633700000000000187e-03 2.722499999999999920e-01
7.163500000000000596e-03 1.202399999999999997e-01
8.382099999999999967e-03 2.153100000000000014e-01
-5.307599999999999991e-03 2.491099999999999981e-01
-5.975399999999999635e-03 2.883600000000000052e-01
6.236800000000000677e-03 2.586600000000000010e-01
7.797400000000000338e-03 2.050800000000000123e-01
6.597800000000000886e-03 1.824300000000000088e-01
8.357400000000000939e-03 2.522300000000000098e-01
7.220100000000000129e-03 1.993399999999999894e-01
6.646100000000000271e-03 2.417300000000000004e-01
8.295900000000000149e-03 2.811699999999999755e-01
6.179999999999999730e-03 2.469899999999999873e-01
5.408699999999999793e-03 2.643300000000000094e-01
-5.606700000000000052e-03 2.878499999999999948e-01
7.611099999999999983e-03 1.351999999999999869e-01
8.227999999999999203e-03 2.595399999999999929e-01
6.617900000000000345e-03 1.809600000000000097e-01
6.594299999999999988e-03 2.151700000000000002e-01
-5.398699999999999333e-03 2.448899999999999966e-01
8.285100000000000103e-03 2.778499999999999859e-01
7.262199999999999905e-03 1.574800000000000089e-01
8.351700000000000096e-03 2.788499999999999868e-01
7.007199999999999887e-03 1.698300000000000087e-01
-5.924700000000000626e-03 2.061099999999999877e-01
7.228400000000000276e-03 1.794699999999999906e-01
7.987799999999999762e-03 4.239300000000000013e-02
-5.464400000000000333e-03 2.478599999999999970e-01
-8.025000000000000883e-03 1.662599999999999911e-01
-5.875899999999999873e-03 2.539600000000000191e-01
6.162899999999999802e-03 2.473599999999999965e-01
-7.603799999999999969e-03 2.631700000000000150e-01
7.555599999999999990e-03 2.417300000000000004e-01
-8.038699999999999318e-03 2.885099999999999887e-01
-6.155100000000000154e-03 1.940099999999999880e-01
8.324299999999999755e-03 2.646999999999999909e-01
-6.080999999999999600e-03 2.958700000000000219e-01
7.071800000000000481e-03 2.175499999999999934e-01
7.866800000000000181e-03 2.477900000000000102e-01
-7.853300000000000558e-03 2.029199999999999893e-01
-7.665800000000000392e-03 1.636199999999999877e-01
7.409900000000000514e-03 2.752800000000000247e-01
6.015899999999999373e-03 2.285399999999999932e-01
-7.787699999999999831e-03 1.841700000000000004e-01
6.805799999999999871e-03 1.223299999999999943e-01
-5.244900000000000256e-03 2.867500000000000049e-01
6.601200000000000644e-03 2.096099999999999908e-01
7.731200000000000572e-03 2.757399999999999851e-01
6.629699999999999656e-03 2.396999999999999964e-01
6.258899999999999533e-03 1.606599999999999973e-01
-5.888299999999999958e-03 2.396699999999999942e-01
-8.491499999999999049e-03 2.045899999999999941e-01
-5.272100000000000050e-03 2.709300000000000042e-01
7.965999999999999123e-03 8.397000000000000297e-02
-8.284299999999999650e-03 8.326899999999999580e-02
-7.079700000000000402e-03 2.945900000000000185e-01
-8.100000000000001296e-03 2.014799999999999924e-01
-5.517499999999999835e-03 2.183599999999999985e-01
7.484600000000000107e-03 2.562099999999999933e-01
7.344000000000000701e-03 2.422499999999999931e-01
-8.053000000000001130e-03 1.904299999999999882e-01
-8.158399999999999680e-03 1.195299999999999974e-01
6.268300000000000087e-03 1.892800000000000038e-01
-6.054500000000000853e-03 2.682899999999999729e-01
-8.247900000000000717e-03 2.053500000000000048e-01
-7.548299999999999975e-03 2.131899999999999906e-01
-8.403600000000000653e-03 2.160299999999999998e-01
7.685400000000000217e-03 2.272399999999999975e-01
6.385199999999999730e-03 2.339799999999999935e-01
6.877400000000000527e-03 2.911099999999999799e-01
7.769800000000000317e-03 2.892799999999999816e-01
-8.325799999999999521e-03 1.065299999999999997e-01
7.400700000000000507e-03 1.288300000000000001e-01
8.261400000000000340e-03 2.776699999999999724e-01
7.327200000000000726e-03 1.397700000000000053e-01
-7.628099999999999638e-03 2.223999999999999866e-01
-5.463099999999999380e-03 2.531800000000000161e-01
7.725499999999999728e-03 1.337500000000000078e-01
-6.377100000000000130e-03 2.022100000000000009e-01
-7.583299999999999416e-03 1.450899999999999967e-01
-8.358900000000000705e-03 1.874200000000000033e-01
7.787200000000000198e-03 1.024999999999999939e-01
-7.927299999999999972e-03 1.308699999999999863e-01
6.776499999999999538e-03 1.202300000000000035e-01
-8.440200000000000133e-03 1.693900000000000128e-01
-5.264100000000000723e-03 2.698699999999999988e-01
6.808400000000000042e-03 1.621799999999999908e-01
6.921500000000000569e-03 1.402500000000000135e-01
6.329200000000000104e-03 1.281899999999999984e-01
-7.937800000000000064e-03 2.114399999999999891e-01
6.583700000000000489e-03 1.407299999999999940e-01
-7.612299999999999796e-03 1.747299999999999964e-01
7.256300000000000250e-03 1.762199999999999878e-01
-5.523400000000000358e-03 2.515100000000000113e-01
6.451000000000000137e-03 2.677599999999999980e-01
8.000699999999999479e-03 9.276600000000000124e-02
-7.803600000000000814e-03 1.423599999999999866e-01
6.979400000000000187e-03 1.228199999999999986e-01
7.361900000000000215e-03 2.065599999999999936e-01
5.942300000000000186e-03 2.810400000000000120e-01
-8.174700000000000022e-03 1.135199999999999959e-01
-8.301400000000000445e-03 1.123399999999999954e-01
-7.819800000000000015e-03 2.300000000000000100e-01
7.405899999999999983e-03 2.003000000000000058e-01
7.186299999999999633e-03 2.132199999999999929e-01
-6.241799999999999606e-03 2.380899999999999961e-01
7.421500000000000145e-03 2.155199999999999894e-01
7.992100000000000246e-03 4.779900000000000121e-02
-8.569000000000000228e-03 2.984100000000000086e-01
-7.934099999999999486e-03 1.216900000000000065e-01
-8.474399999999999988e-03 2.926099999999999812e-01
-7.389999999999999868e-03 2.806400000000000006e-01
8.222600000000000048e-03 2.662700000000000067e-01
8.039199999999999818e-03 2.734300000000000064e-01
8.269900000000000168e-03 1.691100000000000103e-01
-8.445700000000000429e-03 1.415200000000000069e-01
-8.489400000000001112e-03 2.243900000000000061e-01
8.185700000000000615e-03 1.998600000000000099e-01
-5.782400000000000040e-03 2.033399999999999930e-01
-8.333700000000001176e-03 1.207799999999999985e-01
-6.650500000000000161e-03 2.047100000000000031e-01
6.608100000000000432e-03 1.158399999999999985e-01
7.731799999999999611e-03 1.709400000000000086e-01
-6.146099999999999827e-03 2.424199999999999966e-01
-8.121100000000000887e-03 2.837399999999999922e-01
6.785499999999999865e-03 2.201899999999999968e-01
8.263000000000001247e-03 1.681499999999999939e-01
-8.299600000000000727e-03 1.415299999999999891e-01
-8.429100000000000134e-03 1.112800000000000039e-01
-5.698499999999999573e-03 1.986900000000000055e-01
6.773900000000000234e-03 1.993199999999999972e-01
6.482500000000000415e-03 1.135000000000000037e-01
-7.518200000000000924e-03 2.403299999999999881e-01
-7.383499999999999439e-03 2.776399999999999979e-01
6.323100000000000769e-03 2.027100000000000013e-01
6.519300000000000442e-03 2.130499999999999894e-01
-8.330100000000000005e-03 2.288300000000000056e-01
-8.345099999999999393e-03 1.660899999999999876e-01
-8.323999999999999802e-03 2.222000000000000086e-01
6.629900000000000203e-03 2.646999999999999909e-01
-6.628199999999999890e-03 2.616999999999999882e-01
-8.026699999999999460e-03 1.028099999999999986e-01
-7.973000000000000920e-03 2.109600000000000086e-01
-7.102500000000000306e-03 2.786600000000000188e-01
7.352899999999999887e-03 1.417599999999999971e-01
-8.549100000000000449e-03 2.786100000000000243e-01
6.627499999999999711e-03 1.828899999999999970e-01
7.879300000000000540e-03 7.432400000000000118e-02
8.175099999999999381e-03 1.985000000000000098e-01
7.919999999999999957e-03 7.338999999999999690e-02
5.645900000000000571e-03 2.851699999999999791e-01
-8.279500000000000401e-03 1.544699999999999962e-01
-7.502600000000000761e-03 2.397600000000000009e-01
6.502900000000000694e-03 1.585100000000000120e-01
-5.630600000000000362e-03 2.519500000000000073e-01
7.460299999999999571e-03 1.995599999999999874e-01
6.965599999999999743e-03 1.370200000000000029e-01
7.938699999999999923e-03 1.154799999999999993e-01
7.382500000000000173e-03 1.804999999999999938e-01
7.360100000000000496e-03 1.259099999999999941e-01
7.091699999999999393e-03 1.978100000000000136e-01
-7.529099999999999508e-03 2.000300000000000133e-01
-8.425399999999999556e-03 2.107799999999999951e-01
-8.562800000000000619e-03 2.605100000000000193e-01
7.536699999999999476e-03 2.468400000000000039e-01
7.342999999999999701e-03 1.295300000000000062e-01
8.271900000000000433e-03 1.851599999999999913e-01
-7.927999999999999284e-03 2.744800000000000018e-01
-7.600700000000000164e-03 1.481599999999999862e-01
6.769199999999999523e-03 1.282800000000000051e-01
-8.095200000000000312e-03 2.201299999999999923e-01
-8.107100000000000764e-03 2.960400000000000253e-01
-8.347600000000000159e-03 2.657499999999999862e-01
-8.392000000000000154e-03 2.515299999999999758e-01
-7.486500000000000099e-03 2.963999999999999968e-01
5.520300000000000554e-03 2.898600000000000065e-01
8.132900000000000199e-03 1.904200000000000059e-01
-7.378599999999999916e-03 1.802799999999999958e-01
6.449200000000000418e-03 2.918299999999999783e-01
-7.646899999999999878e-03 2.024799999999999933e-01
-7.831900000000001014e-03 2.420899999999999996e-01
-8.367900000000001032e-03 2.723999999999999755e-01
6.195199999999999665e-03 2.700299999999999923e-01
6.095000000000000591e-03 2.862100000000000199e-01
-7.386799999999999790e-03 2.515200000000000213e-01
-8.228600000000000844e-03 1.927000000000000102e-01
6.974200000000000711e-03 2.365899999999999948e-01
-4.997099999999999979e-03 2.984399999999999831e-01
-8.011700000000000071e-03 9.973700000000000621e-02
-8.196600000000000066e-03 1.852100000000000135e-01
-7.286399999999999301e-03 2.893999999999999906e-01
-6.531200000000000894e-03 2.275099999999999900e-01
7.533800000000001086e-03 2.245199999999999974e-01
6.562300000000000078e-03 1.207499999999999962e-01
8.164000000000001117e-03 5.530700000000000199e-02
8.232200000000000281e-03 1.982700000000000018e-01
-6.874299999999999855e-03 2.733900000000000219e-01
-7.937899999999999470e-03 9.254999999999999338e-02
-5.684399999999999176e-03 2.163299999999999945e-01
6.746199999999999940e-03 1.591100000000000014e-01
7.516100000000000385e-03 2.814200000000000035e-01
-7.365299999999999972e-03 2.816400000000000015e-01
-7.615499999999999874e-03 1.908900000000000041e-01
-8.495799999999999533e-03 2.513000000000000234e-01
-5.833000000000000511e-03 2.538900000000000046e-01
-8.223299999999999360e-03 2.558900000000000063e-01
7.361299999999999441e-03 1.827900000000000080e-01
-8.547900000000000637e-03 2.631200000000000205e-01
6.221499999999999600e-03 2.055299999999999905e-01
-5.104000000000000030e-03 2.928399999999999892e-01
6.838900000000000187e-03 2.165400000000000102e-01
-7.971300000000000607e-03 2.356999999999999929e-01
7.523499999999999806e-03 2.710799999999999876e-01
-8.525899999999999451e-03 2.373899999999999899e-01
7.001800000000000732e-03 1.834699999999999942e-01
-5.882400000000000302e-03 2.708900000000000197e-01
7.611400000000000804e-03 1.605600000000000083e-01
-7.527800000000000290e-03 2.781699999999999728e-01
-8.205099999999999894e-03 1.529800000000000049e-01
6.948299999999999269e-03 1.228000000000000064e-01
7.091899999999999940e-03 1.544500000000000040e-01
-8.466399999999998927e-03 1.278900000000000037e-01
7.571999999999999738e-03 1.930999999999999939e-01
-8.387400000000001452e-03 1.282000000000000084e-01
7.779200000000000004e-03 1.476200000000000012e-01
-6.303500000000000075e-03 2.986800000000000010e-01
8.430500000000000493e-03 2.552400000000000224e-01
6.418300000000000047e-03 2.506300000000000194e-01
5.606600000000000646e-03 2.414699999999999902e-01
7.923799999999999941e-03 9.247199999999999864e-02
7.266800000000000342e-03 2.908999999999999919e-01
-7.975700000000000497e-03 1.081400000000000000e-01
-8.454100000000000850e-03 2.629199999999999871e-01
-6.774400000000000734e-03 2.288000000000000034e-01
-5.307699999999999398e-03 2.508400000000000074e-01
-7.761800000000000123e-03 2.714099999999999846e-01
-7.840700000000000794e-03 1.086799999999999988e-01
-7.825499999999999123e-03 2.206500000000000128e-01
7.580799999999999518e-03 2.201700000000000046e-01
5.928799999999999695e-03 2.013300000000000090e-01
-7.374500000000000846e-03 1.696199999999999930e-01
6.769600000000000617e-03 1.347700000000000009e-01
6.743900000000000589e-03 1.352800000000000114e-01
8.071800000000000502e-03 6.583300000000000263e-02
-5.494699999999999931e-03 2.317299999999999915e-01
-7.299400000000000159e-03 2.206400000000000028e-01
-6.204300000000000266e-03 2.266400000000000081e-01
7.672700000000000180e-03 1.721000000000000030e-01
-7.684800000000000311e-03 2.107199999999999906e-01
7.897400000000000600e-03 2.225800000000000001e-01
-6.178700000000000511e-03 1.692200000000000093e-01
-6.474699999999999900e-03 1.778000000000000136e-01
5.904199999999999206e-03 2.928499999999999992e-01
-7.894599999999999881e-03 1.625999999999999945e-01
7.793700000000000627e-03 1.230799999999999950e-01
7.697599999999999755e-03 2.388599999999999890e-01
-8.483900000000000816e-03 2.030700000000000005e-01
6.647800000000000584e-03 1.358399999999999885e-01
7.893900000000000569e-03 8.617700000000000360e-02
7.451900000000000017e-03 2.591100000000000070e-01
8.132399999999999698e-03 2.857000000000000095e-01
-7.347499999999999865e-03 2.207399999999999918e-01
-6.549700000000000313e-03 1.909899999999999931e-01
8.160500000000001086e-03 1.213599999999999957e-01
-8.181100000000000178e-03 8.315400000000000569e-02
-8.367799999999999891e-03 1.277999999999999969e-01
-8.018900000000000680e-03 1.713500000000000023e-01
-8.177200000000000787e-03 2.063699999999999979e-01
7.575300000000000956e-03 1.741999999999999937e-01
-7.937200000000000158e-03 2.768200000000000105e-01
-7.357800000000000278e-03 1.970999999999999974e-01
-8.559999999999999901e-03 2.279799999999999882e-01
8.122000000000000747e-03 1.860600000000000032e-01
-8.367400000000000532e-03 2.065800000000000136e-01
7.610000000000000445e-03 2.484599999999999864e-01
7.808300000000000657e-03 2.691500000000000004e-01
8.071899999999999908e-03 2.753900000000000237e-01
6.840399999999999953e-03 2.286600000000000021e-01
-8.368100000000001579e-03 2.312299999999999911e-01
7.238800000000000096e-03 2.671200000000000241e-01
-8.209199999999999831e-03 1.643699999999999883e-01
-8.629900000000001112e-03 2.988799999999999790e-01
-6.640500000000000569e-03 2.654199999999999893e-01
8.011899999999998884e-03 4.299599999999999950e-02
6.484799999999999766e-03 1.875600000000000045e-01
6.424800000000000476e-03 2.728300000000000169e-01
-8.343299999999999675e-03 2.857399999999999940e-01
7.534300000000000719e-03 1.610999999999999932e-01
-6.087099999999999803e-03 2.444999999999999951e-01
-6.601099999999999503e-03 2.250999999999999945e-01
-8.057100000000001067e-03 2.986699999999999910e-01
8.151900000000000118e-03 1.712299999999999933e-01
5.699000000000000073e-03 2.883700000000000152e-01
-6.421000000000000492e-03 2.604699999999999793e-01
8.214900000000000674e-03 2.891400000000000081e-01
-8.260200000000000528e-03 2.876600000000000268e-01
-7.996600000000001277e-03 1.138500000000000068e-01
6.490300000000000062e-03 2.988500000000000045e-01
5.857900000000000086e-03 2.850400000000000156e-01
-7.758500000000000639e-03 1.349200000000000121e-01
-7.839800000000000935e-03 1.973100000000000132e-01
6.909400000000000437e-03 2.821199999999999819e-01
-7.560100000000000153e-03 1.525100000000000067e-01
7.234299999999999932e-03 1.702799999999999869e-01
-8.198099999999999832e-03 2.360399999999999998e-01
-7.844600000000000184e-03 2.304900000000000004e-01
-8.169800000000001367e-03 2.182099999999999873e-01
-6.193900000000000447e-03 2.098700000000000010e-01
6.758300000000000939e-03 1.841700000000000004e-01
6.895099999999999493e-03 1.180599999999999983e-01
6.856000000000000115e-03 2.846000000000000196e-01
6.761300000000000469e-03 1.882500000000000007e-01
-8.039300000000000959e-03 2.609899999999999998e-01
6.762599999999999688e-03 1.987400000000000000e-01
7.353400000000000387e-03 2.826199999999999823e-01
-5.886299999999999692e-03 2.725400000000000045e-01
8.189800000000000552e-03 2.864399999999999724e-01
-8.429000000000000728e-03 1.271500000000000130e-01
5.673799999999999677e-03 2.454099999999999893e-01
-6.088900000000000388e-03 1.922200000000000020e-01
-7.396500000000000297e-03 2.125799999999999912e-01
7.204600000000000240e-03 1.207099999999999979e-01
6.414500000000000063e-03 2.861699999999999799e-01
-5.603499999999999974e-03 2.504000000000000115e-01
-8.522699999999999373e-03 2.225300000000000056e-01
7.617500000000000139e-03 2.237000000000000099e-01
6.225500000000000998e-03 2.553000000000000269e-01
-8.323099999999999943e-03 2.630299999999999860e-01
6.699600000000000000e-03 1.524800000000000044e-01
6.748099999999999932e-03 1.778500000000000081e-01
8.249199999999999935e-03 2.980300000000000171e-01
8.076899999999999705e-03 8.888100000000000167e-02
6.865599999999999481e-03 2.973399999999999932e-01
-8.324099999999999208e-03 1.013600000000000056e-01
6.978400000000000054e-03 1.359499999999999875e-01
6.827299999999999688e-03 2.528199999999999892e-01
6.556699999999999508e-03 2.140499999999999903e-01
-8.412300000000001027e-03 1.705299999999999871e-01
-8.399000000000000216e-03 1.773000000000000131e-01
6.328500000000000791e-03 2.000699999999999978e-01
7.344000000000000701e-03 1.765899999999999970e-01
-7.506099999999999925e-03 1.693699999999999928e-01
-6.023300000000000529e-03 2.331100000000000116e-01
-5.791100000000000414e-03 2.607999999999999763e-01
-8.033500000000000710e-03 8.402999999999999359e-02
-8.414400000000000698e-03 1.775799999999999879e-01
-7.214000000000000794e-03 2.755500000000000171e-01
6.350800000000000195e-03 2.865400000000000169e-01
6.367300000000000217e-03 2.003199999999999981e-01
7.101399999999999900e-03 2.225499999999999978e-01
7.139500000000000013e-03 1.855199999999999905e-01
-6.062800000000000133e-03 2.298499999999999988e-01
-8.163600000000000023e-03 7.288400000000000434e-02
-8.143499999999999697e-03 1.076300000000000034e-01
7.309200000000000072e-03 2.244800000000000129e-01
6.587800000000000426e-03 1.200200000000000017e-01
-5.312700000000000061e-03 2.749500000000000277e-01
7.592400000000000017e-03 2.013500000000000012e-01
-8.369500000000000203e-03 1.223500000000000004e-01
7.329999999999999710e-03 1.894699999999999995e-01
-8.100400000000000655e-03 1.616400000000000059e-01
-5.829600000000000753e-03 2.597300000000000164e-01
6.880100000000000104e-03 2.671700000000000186e-01
-8.519099999999999936e-03 2.499300000000000133e-01
-7.683500000000000225e-03 2.842100000000000182e-01
-8.239599999999999702e-03 2.570999999999999952e-01
-7.323600000000000422e-03 2.732600000000000029e-01
6.503600000000000873e-03 2.157199999999999951e-01
-8.343599999999999628e-03 2.006499999999999950e-01
-7.934200000000000627e-03 1.430099999999999982e-01
-8.417400000000000229e-03 1.019199999999999967e-01
6.368000000000000396e-03 2.510700000000000154e-01
6.741399999999999823e-03 1.943900000000000072e-01
-8.292199999999999571e-03 1.690699999999999981e-01
7.348099999999999771e-03 2.068599999999999883e-01
-7.254899999999999891e-03 2.174599999999999866e-01
7.019300000000000886e-03 1.841299999999999881e-01
-8.201099999999999363e-03 1.878499999999999892e-01
7.191999999999999608e-03 2.206100000000000005e-01
5.564400000000000596e-03 2.549199999999999799e-01
7.978700000000000028e-03 1.015899999999999997e-01
-5.370200000000000320e-03 2.572099999999999942e-01
7.498200000000000871e-03 2.860300000000000065e-01
-6.280599999999999898e-03 2.270999999999999963e-01
8.175500000000000475e-03 1.549099999999999921e-01
-7.499599999999999496e-03 2.953600000000000114e-01
5.458100000000000451e-03 2.538699999999999846e-01
-7.335300000000000327e-03 2.990900000000000225e-01
-7.369400000000000776e-03 1.433500000000000052e-01
-8.352200000000000596e-03 1.801300000000000123e-01
-7.611699999999999890e-03 2.198100000000000054e-01
7.119900000000000187e-03 2.607999999999999763e-01
-8.051600000000000770e-03 2.100499999999999867e-01
-8.123200000000000559e-03 1.414999999999999869e-01
-8.555899999999999964e-03 2.369600000000000040e-01
6.420400000000000586e-03 1.301599999999999979e-01
6.681300000000000260e-03 1.157399999999999957e-01
-5.722500000000000156e-03 2.571800000000000197e-01
5.770499999999999588e-03 2.362900000000000000e-01
-7.966400000000000217e-03 1.392400000000000027e-01
7.672000000000000000e-03 2.875900000000000123e-01
7.391899999999999860e-03 1.651799999999999935e-01
-6.960100000000000314e-03 2.513699999999999823e-01
-7.646800000000000472e-03 1.523400000000000032e-01
-7.784600000000000894e-03 2.734199999999999964e-01
7.853900000000000464e-03 7.496400000000000285e-02
6.931500000000000161e-03 1.654299999999999937e-01
-7.907900000000000693e-03 1.501000000000000112e-01
7.548800000000000475e-03 2.117799999999999960e-01
-7.699200000000000661e-03 1.632299999999999862e-01
8.161399999999999211e-03 1.733800000000000063e-01
-8.268900000000000902e-03 2.031300000000000050e-01
6.970600000000000407e-03 1.994299999999999962e-01
-7.895499999999999741e-03 2.439300000000000079e-01
7.037600000000000626e-03 1.506599999999999884e-01
-6.009699999999999764e-03 2.127100000000000102e-01
7.312400000000000150e-03 1.954599999999999949e-01
7.729800000000000212e-03 1.273100000000000065e-01
8.038699999999999318e-03 1.261200000000000099e-01
7.067099999999999771e-03 2.022200000000000109e-01
6.456100000000000207e-03 2.789200000000000013e-01
-7.160600000000000472e-03 2.953399999999999914e-01
-7.735999999999999821e-03 1.363300000000000067e-01
8.137399999999999495e-03 7.611800000000000510e-02
6.227000000000000764e-03 2.235099999999999865e-01
7.118100000000000468e-03 1.563599999999999990e-01
8.340800000000000644e-03 2.272299999999999875e-01
-7.335700000000000554e-03 2.542300000000000115e-01
6.100700000000000567e-03 2.127199999999999924e-01
-8.158099999999999727e-03 1.833700000000000052e-01
-6.084199999999999678e-03 2.275200000000000000e-01
-7.391700000000000180e-03 1.720700000000000007e-01
-7.234699999999999291e-03 2.160900000000000043e-01
-8.304300000000000570e-03 1.648000000000000020e-01
-5.997299999999999680e-03 2.173700000000000077e-01
6.640700000000000248e-03 1.166500000000000037e-01
-8.085000000000000173e-03 2.477499999999999980e-01
-5.728699999999999765e-03 2.422300000000000009e-01
7.853300000000000558e-03 1.076499999999999957e-01
-7.939200000000000423e-03 2.714199999999999946e-01
-8.422400000000000025e-03 1.319899999999999962e-01
8.103499999999999592e-03 1.752599999999999991e-01
-8.411200000000000621e-03 1.462600000000000011e-01
-8.456599999999999881e-03 1.643999999999999906e-01
-6.514799999999999411e-03 2.940699999999999981e-01
7.775400000000000020e-03 2.653599999999999848e-01
6.938299999999999676e-03 1.324099999999999999e-01
8.057800000000000379e-03 9.902500000000000191e-02
-7.383300000000000626e-03 2.987799999999999900e-01
5.695400000000000636e-03 2.131599999999999884e-01
6.447000000000000473e-03 1.168700000000000017e-01
-7.995200000000000917e-03 1.377599999999999936e-01
-7.795600000000000619e-03 1.892199999999999993e-01
-8.390200000000000435e-03 2.314299999999999968e-01
7.295700000000000449e-03 2.645700000000000274e-01
6.569900000000000045e-03 2.275999999999999968e-01
8.277800000000000089e-03 2.357499999999999873e-01
6.102600000000000559e-03 2.390899999999999970e-01
-7.839600000000000388e-03 2.484500000000000042e-01
-7.986200000000000590e-03 1.738000000000000100e-01
-6.139499999999999992e-03 2.298000000000000043e-01
7.891900000000000304e-03 1.853299999999999947e-01
8.286700000000001010e-03 1.933300000000000018e-01
-7.835500000000000451e-03 2.325099999999999945e-01
7.130499999999999686e-03 1.481699999999999962e-01
-7.498899999999999316e-03 2.812200000000000255e-01
6.693099999999999571e-03 2.588300000000000045e-01
-5.550600000000000152e-03 2.242099999999999926e-01
8.247600000000000764e-03 2.862899999999999889e-01
-8.184900000000000161e-03 2.238999999999999879e-01
7.033600000000000095e-03 2.433099999999999985e-01
-7.979500000000000481e-03 1.199699999999999933e-01
-8.321900000000000130e-03 2.907000000000000139e-01
